image_width: 640
image_height: 360
camera_name: narrow_stereo
camera_matrix:
  rows: 3
  cols: 3
  data: [368.38319,   0.     , 329.96669,
           0.     , 367.86392, 174.7991 ,
           0.     ,   0.     ,   1.     ]
distortion_model: plumb_bob
distortion_coefficients:
  rows: 1
  cols: 5
  data: [0.020298, -0.051208, -0.005738, 0.007318, 0.000000]
rectification_matrix:
  rows: 3
  cols: 3
  data: [1., 0., 0.,
         0., 1., 0.,
         0., 0., 1.]
projection_matrix:
  rows: 3
  cols: 4
  data: [361.19281,   0.     , 337.53327,   0.     ,
           0.     , 368.78564, 172.44182,   0.     ,
           0.     ,   0.     ,   1.     ,   0.     ]
